# Puzzle 1
0 0 0 4 0 6 0 8 0
0 0 0 7 8 0 1 0 0
7 0 0 0 0 0 0 0 0
0 1 0 0 6 0 8 9 0
0 6 0 0 0 0 0 0 0
0 0 7 0 0 0 0 0 0
5 3 0 6 0 0 0 0 8
0 0 0 0 0 0 5 0 0
0 0 8 0 0 1 0 0 2

# Puzzle 2
0 0 3 0 0 0 0 0 0
0 0 0 0 0 0 0 2 0
7 0 0 0 0 0 4 5 0
0 0 0 3 0 0 0 0 0
0 0 0 8 0 7 2 0 0
8 0 0 0 0 0 0 6 5
0 0 0 0 0 2 9 0 0
0 4 0 0 0 8 0 3 1
0 0 8 5 0 0 0 0 2

# Puzzle 3
1 0 0 4 5 0 0 8 0
0 0 0 7 0 9 0 0 3
0 0 9 0 0 3 0 0 0
0 0 0 0 0 0 8 9 0
0 0 0 0 0 0 2 0 0
8 9 0 2 0 0 3 0 0
0 0 0 6 0 0 0 0 0
0 4 0 0 0 0 0 0 1
0 7 0 5 0 0 0 0 0

# Puzzle 4
0 2 0 0 0 0 7 0 0
0 0 0 0 8 0 0 0 0
7 8 9 0 2 0 0 0 0
0 1 4 3 6 0 0 0 0
0 0 0 0 0 7 0 0 0
0 9 0 0 1 0 0 0 0
5 3 0 0 0 2 0 0 0
0 0 2 0 0 0 5 0 0
0 7 0 0 0 0 0 4 0

# Puzzle 5
0 2 0 0 0 0 0 0 0
0 5 6 7 0 0 0 2 0
7 8 0 0 0 3 0 0 0
0 0 4 0 6 0 0 0 0
3 0 0 0 0 0 2 0 0
0 9 0 0 1 0 0 0 0
0 3 1 0 0 0 0 0 8
0 0 0 0 0 8 0 3 1
0 0 0 0 0 1 0 0 0

# Puzzle 6
0 2 0 0 0 0 0 0 9
4 0 6 0 0 0 0 0 3
0 8 0 0 2 3 0 5 0
0 0 0 0 0 5 8 0 7
0 0 0 0 0 0 0 0 4
0 0 0 2 0 0 3 6 0
0 0 1 0 4 0 0 0 0
6 0 0 0 0 0 5 0 0
0 0 0 0 0 0 6 0 0

# Puzzle 7
1 0 0 0 0 0 0 8 0
0 0 0 0 0 9 0 0 0
0 0 9 0 0 3 0 0 0
0 0 0 3 6 5 8 0 0
0 0 0 0 9 7 0 0 0
0 0 0 0 0 0 0 6 0
5 0 0 0 0 0 9 0 0
0 4 0 0 7 0 0 0 1
0 7 8 0 0 0 6 0 2

# Puzzle 8
0 0 0 4 5 0 0 8 9
0 5 0 0 8 9 0 0 0
0 8 0 0 0 0 0 5 0
0 0 0 0 0 0 0 0 7
0 6 0 0 0 0 0 0 0
0 0 7 2 0 4 0 0 0
0 3 0 0 0 2 0 0 0
0 0 0 0 7 0 0 0 0
0 7 0 0 0 0 6 4 2

# Puzzle 9
0 2 0 0 0 0 0 8 9
0 5 6 0 0 0 0 0 0
0 0 0 0 0 3 0 5 0
0 0 4 0 0 0 0 0 7
3 0 0 8 0 7 0 0 0
0 9 7 0 0 0 0 0 5
5 0 1 0 0 0 0 0 0
0 0 0 0 0 0 0 0 0
0 0 8 0 3 1 0 0 2

# Puzzle 10
1 0 0 4 0 0 0 8 0
0 5 6 7 8 0 0 0 0
0 0 9 1 0 3 0 5 0
0 0 0 0 6 5 8 0 0
0 0 0 0 0 0 2 0 0
8 0 0 0 0 0 0 0 0
0 3 0 6 0 0 0 0 0
0 0 0 0 0 0 0 0 0
0 0 8 0 3 1 0 0 0

# Puzzle 11
0 2 0 0 5 0 0 0 0
0 5 0 0 0 0 0 0 0
0 0 0 0 0 0 4 5 6
2 1 0 0 0 0 0 0 0
0 0 0 0 0 7 2 0 0
0 9 0 0 0 4 3 0 5
0 0 0 6 0 0 0 0 8
0 0 0 0 7 8 0 0 1
0 0 8 0 0 0 0 4 0

# Puzzle 12
1 0 0 0 5 0 0 0 9
0 0 0 7 0 0 0 0 0
0 8 0 0 0 0 4 5 6
0 1 0 3 0 5 0 0 0
0 0 5 0 0 7 0 0 0
0 0 0 0 0 0 3 0 5
0 3 0 0 0 2 0 0 0
0 4 0 0 7 0 0 0 0
0 7 0 5 0 0 0 0 0

# Puzzle 13
0 0 0 0 0 6 0 0 9
0 5 6 0 8 0 0 2 0
0 0 0 0 0 0 4 0 6
0 1 4 0 6 0 0 0 0
0 0 0 8 0 0 0 0 0
0 9 0 0 0 4 0 0 5
0 0 0 0 0 2 0 0 0
0 0 0 0 0 0 0 0 0
0 0 8 5 3 1 0 0 2

# Puzzle 14
0 0 0 0 5 0 0 0 0
0 0 0 0 0 9 1 0 0
0 0 0 0 0 0 4 5 0
0 0 4 3 0 5 0 0 0
3 0 0 8 0 7 0 1 0
0 9 7 0 0 0 0 0 0
0 0 0 0 4 0 0 0 0
0 4 2 9 0 0 0 0 0
9 0 0 5 0 0 0 4 0

# Puzzle 15
0 0 0 0 0 0 0 0 0
0 0 6 7 0 9 0 0 0
0 8 0 1 0 0 4 5 0
0 0 0 0 0 0 0 0 7
3 0 0 0 0 7 0 0 4
0 0 7 2 0 4 3 0 0
0 3 0 0 0 0 0 0 0
0 0 0 0 0 8 0 3 0
0 7 0 0 3 0 0 4 0

# Puzzle 16
1 0 0 0 0 0 7 0 9
0 0 0 0 0 9 1 0 3
0 0 0 1 0 3 0 0 0
0 1 4 0 6 5 0 0 0
0 0 0 0 0 7 0 0 4
0 0 0 2 0 0 0 0 0
5 0 0 6 0 2 0 0 0
0 0 2 0 0 0 5 0 0
0 0 0 0 3 0 0 0 0

# Puzzle 17
1 0 0 0 0 0 7 0 9
0 0 0 7 8 0 0 0 3
0 0 9 0 2 0 4 0 0
2 0 0 0 0 0 0 0 0
3 6 0 0 0 0 2 0 0
0 0 0 0 0 0 0 6 0
5 0 0 0 0 0 0 0 0
0 4 2 0 0 0 5 0 0
0 7 0 0 0 1 0 4 0

# Puzzle 18
0 0 0 4 0 0 7 0 9
0 0 0 7 0 0 0 0 0
0 8 9 0 2 0 0 0 0
0 0 0 0 6 0 8 0 0
0 0 0 0 9 0 0 0 4
8 0 7 2 0 0 3 0 0
0 0 0 6 0 0 0 0 0
0 0 0 0 0 0 0 3 0
9 7 0 0 0 0 6 0 2

# Puzzle 19
0 2 0 0 5 0 0 0 0
0 0 0 0 0 0 0 0 0
0 0 0 0 2 0 0 0 0
0 1 4 3 6 0 0 9 0
0 0 5 0 0 0 0 0 4
8 0 7 0 0 0 0 6 0
0 0 0 0 0 0 9 7 8
6 4 0 0 0 0 0 3 0
0 0 0 0 0 1 6 0 0

# Puzzle 20
0 0 0 0 0 0 0 0 0
0 0 6 7 0 0 0 2 0
7 8 9 0 0 0 0 0 0
0 0 0 0 6 5 0 0 0
3 6 0 0 0 7 0 0 0
0 0 0 0 0 4 0 0 5
0 3 0 0 0 0 9 7 0
0 0 0 0 0 0 5 0 0
0 7 0 0 3 1 6 0 0

# Puzzle 21
0 2 0 4 0 0 0 0 0
0 0 0 7 0 9 0 0 3
0 0 0 0 2 0 0 0 0
0 0 0 0 6 0 0 0 0
0 0 5 8 0 7 2 1 4
8 9 0 0 1 0 0 0 5
0 0 0 0 0 0 0 0 0
0 0 0 9 0 8 5 0 0
0 0 0 5 0 0 0 0 0

# Puzzle 22
0 2 0 4 0 6 7 0 0
0 0 0 0 0 0 1 0 3
0 0 0 0 0 0 4 0 0
0 1 0 0 0 0 0 0 0
0 6 0 0 0 7 2 0 0
0 9 0 0 0 0 0 0 0
0 0 0 0 0 0 0 0 8
6 4 2 9 0 8 0 0 0
0 0 0 5 3 0 6 0 0

# Puzzle 23
0 0 0 0 0 0 0 0 9
4 0 0 0 8 0 1 2 0
7 0 0 0 2 0 0 0 6
0 0 0 0 0 0 0 9 0
0 0 0 0 0 7 0 0 0
8 0 0 0 1 0 3 6 0
5 0 0 0 4 2 0 0 0
0 0 2 9 0 8 0 0 0
0 0 0 0 3 0 0 0 0

# Puzzle 24
0 2 0 0 0 0 0 0 0
0 0 0 7 0 0 0 0 3
0 0 0 1 0 0 0 5 0
2 0 0 0 0 0 0 9 0
0 0 5 0 0 0 0 0 0
8 0 7 2 0 4 0 6 0
0 3 1 0 4 0 9 7 0
0 0 2 0 7 0 0 3 0
0 0 0 0 0 0 0 0 0

# Puzzle 25
0 2 0 0 0 0 7 0 9
4 5 0 0 8 0 1 0 3
7 0 9 0 2 3 4 0 0
0 0 0 0 0 0 8 0 0
0 0 0 0 9 7 0 0 4
0 0 0 0 0 0 0 0 0
0 0 0 0 0 0 0 7 0
0 0 0 0 0 0 0 3 0
0 0 0 5 0 1 0 0 0

# Puzzle 26
0 2 0 0 0 0 0 0 0
0 0 0 7 0 0 0 0 3
7 8 0 1 2 3 0 0 0
0 0 0 3 6 0 0 9 0
0 6 0 0 0 0 0 0 0
0 0 0 0 0 0 0 0 0
5 0 1 6 0 0 9 7 0
6 0 0 0 7 0 0 0 1
0 7 0 0 0 0 0 0 0

# Puzzle 27
0 0 3 0 0 6 0 0 0
4 0 0 0 0 0 0 0 0
7 8 0 0 0 3 0 0 6
0 1 0 0 0 0 0 0 7
0 0 0 0 0 0 2 0 4
0 9 0 0 0 0 3 0 0
0 3 1 0 0 0 0 7 0
0 0 0 0 0 8 0 0 1
0 7 0 5 0 1 0 0 0

# Puzzle 28
0 0 0 0 0 0 0 0 0
0 0 6 0 0 0 1 2 3
0 8 9 0 0 0 0 5 0
0 0 0 0 0 0 0 9 7
3 0 0 8 0 0 2 0 0
0 0 0 0 1 0 0 6 5
0 0 0 6 0 2 9 0 0
0 0 2 0 0 8 0 0 0
0 0 0 0 0 0 0 4 0

# Puzzle 29
0 0 0 0 0 0 7 0 0
0 0 0 0 0 0 0 2 0
0 0 9 0 0 0 0 0 6
0 1 0 0 6 0 0 0 7
3 6 0 0 0 7 0 0 4
0 0 0 0 0 4 0 0 5
0 3 0 0 0 2 0 0 0
0 4 2 9 0 8 0 3 0
0 0 0 0 3 0 0 0 0

# Puzzle 30
0 2 3 4 0 0 0 0 0
0 0 0 0 8 0 1 2 3
0 0 0 0 0 0 0 0 0
0 0 0 0 0 0 0 0 7
0 0 5 0 0 0 0 1 0
0 0 7 0 1 0 0 6 5
0 3 0 0 0 0 0 0 8
0 0 0 0 7 8 0 0 0
0 0 8 0 0 0 6 4 0

# Puzzle 31
0 2 3 0 0 0 0 0 0
4 0 0 0 0 0 0 0 0
0 8 0 0 0 0 0 0 6
0 0 0 0 0 0 8 9 7
0 0 0 8 0 7 0 0 0
8 0 0 0 0 4 0 0 0
5 3 0 6 0 0 9 7 0
0 0 0 0 0 0 5 3 0
9 0 0 5 0 0 0 0 0

# Puzzle 32
0 0 3 0 0 0 0 0 0
0 5 0 7 0 0 1 0 0
0 0 0 1 2 0 4 0 0
0 0 0 0 0 0 8 0 0
0 0 0 0 0 7 0 0 0
8 0 0 2 0 4 0 6 0
0 0 0 0 0 0 0 0 0
6 0 0 9 7 8 5 0 0
0 0 8 0 3 0 0 4 0

# Puzzle 33
1 0 0 4 0 0 0 0 9
4 5 6 0 8 0 1 0 0
0 0 9 1 0 0 4 0 6
0 0 0 0 0 0 0 9 0
0 6 0 0 0 0 0 0 0
8 0 0 0 0 0 3 0 0
0 0 0 0 4 0 0 0 0
0 0 2 9 0 0 0 0 1
0 0 0 0 0 0 0 0 2

# Puzzle 34
0 0 3 4 5 0 7 0 0
0 0 0 0 0 9 0 0 0
0 8 0 1 2 0 0 5 6
2 0 4 0 0 0 0 0 0
0 0 0 0 0 7 0 1 0
0 0 0 0 0 0 0 0 5
0 0 1 0 0 0 0 0 0
0 0 0 0 7 0 5 3 1
0 0 0 0 0 0 0 0 2

# Puzzle 35
0 0 0 0 0 6 0 8 0
0 0 0 0 0 0 0 2 0
0 0 0 1 0 0 4 0 6
0 0 4 0 0 0 0 0 0
0 0 5 0 0 7 2 0 4
0 0 0 0 0 0 0 6 0
0 0 0 0 0 2 9 0 0
6 0 0 0 7 8 5 0 1
0 0 8 0 0 0 0 4 0

# Puzzle 36
0 0 0 0 5 6 0 0 0
0 0 6 0 0 0 0 2 0
0 0 0 0 2 0 4 0 0
0 0 0 3 0 5 0 9 7
0 0 0 0 0 0 0 1 0
0 0 0 0 0 0 3 0 5
0 0 1 0 0 0 0 0 8
0 0 2 0 7 0 5 0 1
9 0 0 0 0 1 0 0 0

# Puzzle 37
0 2 0 0 5 0 7 0 0
0 0 0 0 0 0 0 2 0
0 0 0 0 0 0 0 0 0
2 1 0 0 6 5 0 9 0
0 6 5 0 0 0 0 0 4
0 9 0 0 0 0 0 6 5
0 3 0 0 4 0 9 0 0
0 0 0 0 0 0 5 0 0
9 0 0 0 0 0 0 4 0

# Puzzle 38
0 0 0 0 0 0 0 0 0
0 0 0 7 0 0 0 2 0
7 8 0 0 2 0 0 5 6
0 1 0 3 0 5 8 0 0
3 0 0 0 0 0 2 0 0
0 0 0 0 0 0 0 6 0
5 3 0 6 0 0 0 0 0
0 0 2 0 0 8 0 3 0
0 0 0 0 0 0 6 0 0

# Puzzle 39
0 2 0 4 0 6 0 0 0
0 0 0 0 0 0 1 2 3
0 0 0 1 0 0 0 0 0
0 0 4 0 0 0 0 9 0
0 0 5 0 0 0 2 0 0
0 0 0 0 0 0 3 0 0
0 3 1 0 4 0 9 0 0
6 0 0 9 0 0 0 3 1
0 0 0 0 0 0 6 0 0

# Puzzle 40
0 0 0 0 0 6 0 0 0
0 0 0 0 0 9 0 2 0
0 8 9 1 2 0 4 5 6
0 0 0 3 6 0 8 9 0
0 0 0 0 9 0 0 0 4
0 0 0 0 0 0 0 0 0
0 0 0 0 4 0 0 0 0
0 4 2 0 7 0 0 0 0
0 7 0 0 0 0 0 0 0

# Puzzle 41
0 0 0 4 0 0 0 0 0
0 0 0 0 0 9 0 2 0
0 0 0 1 0 3 0 5 6
0 1 0 3 0 0 0 9 0
0 0 5 0 9 0 0 0 0
0 0 0 0 0 0 0 0 5
0 0 1 6 4 0 0 7 0
6 0 2 0 7 0 0 0 0
0 0 0 5 0 0 0 0 0

# Puzzle 42
0 0 0 0 0 0 0 8 0
4 0 0 0 0 9 1 0 0
0 8 9 0 0 0 0 0 0
0 1 4 0 6 0 0 0 0
0 0 0 0 9 0 0 0 0
8 9 0 2 0 0 3 0 0
0 0 1 0 0 0 9 0 8
0 0 0 0 7 8 0 0 0
0 0 0 5 0 0 0 4 0

# Puzzle 43
0 0 3 0 0 6 0 0 9
4 5 6 0 0 0 0 2 0
0 8 0 0 0 0 0 5 0
0 0 0 0 6 5 0 0 0
0 0 0 0 9 0 0 1 4
0 0 0 0 1 0 0 0 0
0 0 0 0 4 0 0 7 0
6 0 0 0 0 0 0 3 0
9 7 0 0 0 0 0 0 0

# Puzzle 44
0 2 0 4 5 6 7 8 9
0 0 0 0 0 0 1 0 0
0 0 9 0 0 0 4 0 0
2 0 0 0 6 5 0 0 0
0 0 0 0 0 0 0 0 0
8 0 0 2 0 4 0 0 5
0 0 1 0 0 0 0 0 0
0 4 0 0 7 0 0 0 0
0 7 0 0 0 0 0 0 0

# Puzzle 45
0 0 3 0 5 6 0 0 0
0 5 6 0 0 0 0 2 3
0 0 9 1 0 0 0 0 0
0 0 0 0 0 0 8 0 0
0 0 5 8 0 0 0 1 0
0 0 7 0 0 0 0 0 0
5 0 1 0 0 0 0 0 0
0 0 0 0 0 8 0 3 1
0 0 0 0 0 0 0 4 2

# Puzzle 46
0 2 3 0 0 6 7 0 0
4 0 6 0 8 9 0 0 0
7 0 0 0 2 3 0 0 0
0 0 0 0 6 0 0 9 0
0 0 0 0 9 0 0 0 4
8 9 0 2 0 0 0 0 0
0 0 0 0 0 0 0 7 8
0 0 0 0 0 0 0 0 0
0 0 0 0 0 0 0 4 0

# Puzzle 47
0 2 3 0 5 6 0 0 0
0 0 0 0 0 0 0 2 0
7 8 0 0 2 3 0 0 6
0 1 0 0 0 0 8 0 7
0 0 0 0 0 0 0 1 0
0 0 0 0 1 0 0 0 5
5 0 0 0 0 0 9 0 0
0 0 0 0 0 0 0 0 0
9 7 0 0 3 0 0 0 0

# Puzzle 48
0 0 0 0 5 6 0 0 9
0 0 0 0 8 0 0 0 0
0 0 9 0 0 0 0 0 0
0 1 0 0 0 5 8 9 7
0 6 0 0 0 7 0 0 0
8 0 7 0 0 4 0 6 0
0 0 0 6 0 0 0 0 0
0 0 0 0 7 0 0 0 1
9 0 0 0 0 0 0 0 2

# Puzzle 49
1 0 0 4 0 0 7 0 0
4 0 0 0 0 0 0 2 3
7 0 0 1 2 0 0 0 0
2 0 0 0 0 0 0 9 0
0 0 5 8 0 0 0 0 4
0 9 7 0 0 0 3 6 0
0 0 0 0 0 0 0 0 0
0 0 0 0 0 0 0 0 1
0 7 0 0 0 0 0 4 0

# Puzzle 50
0 2 3 0 0 6 7 8 0
4 0 6 0 8 0 0 0 0
0 0 0 0 0 0 0 0 0
0 0 0 0 0 0 0 0 0
0 0 5 0 0 0 0 0 0
0 0 7 0 0 0 3 0 5
5 0 0 0 0 0 0 0 0
6 4 2 9 0 8 0 3 0
9 0 0 0 0 1 0 0 0

# Puzzle 51
0 2 3 0 0 0 0 8 0
0 0 0 0 0 9 0 0 0
7 8 0 0 0 0 0 0 6
2 0 4 3 0 0 8 9 0
0 6 0 0 0 0 2 0 0
0 9 0 0 0 0 0 0 0
0 3 0 0 0 2 0 0 0
0 0 0 9 0 0 0 0 0
0 0 0 5 0 1 0 0 2

# Puzzle 52
0 2 0 0 0 0 0 8 0
0 5 0 7 0 0 0 0 0
0 0 9 0 0 3 4 0 0
0 0 4 0 0 0 0 0 7
0 6 5 8 9 7 0 0 0
0 0 0 0 0 0 0 0 5
0 0 0 0 0 2 0 0 8
0 0 0 9 0 0 5 0 0
0 0 8 0 0 0 6 0 0

# Puzzle 53
0 2 3 0 5 0 0 8 0
0 0 0 7 0 9 0 0 0
0 8 0 0 0 3 0 0 0
0 0 0 0 0 0 0 9 0
3 0 0 0 9 7 0 1 0
0 0 0 0 0 0 3 0 0
0 0 0 0 0 0 9 7 8
0 0 0 0 0 0 0 3 0
0 0 0 0 3 0 0 4 2

# Puzzle 54
1 0 0 0 0 0 0 0 0
0 0 6 7 0 9 0 2 3
0 0 0 0 0 0 0 0 6
0 1 0 3 0 0 0 0 0
0 0 5 0 9 0 0 0 4
0 0 7 0 0 0 3 0 0
5 3 0 0 0 0 0 0 0
6 4 2 0 0 0 0 0 0
0 7 0 0 0 0 0 0 2

# Puzzle 55
1 0 0 0 5 0 0 0 0
4 0 6 0 8 0 0 0 3
0 8 9 0 0 0 4 5 0
0 0 0 0 6 0 8 0 0
3 0 0 0 0 0 0 0 4
0 9 0 0 0 0 0 0 0
5 0 0 0 0 0 0 7 0
0 4 0 0 7 0 0 3 0
0 0 0 0 0 0 6 0 0

# Puzzle 56
1 0 0 0 0 0 7 8 0
0 0 6 0 0 0 0 0 0
0 0 9 1 0 0 0 5 0
0 0 0 0 0 0 8 0 0
3 0 0 0 0 7 0 1 0
0 9 7 0 0 0 0 0 0
0 0 0 0 0 2 0 0 8
6 4 0 9 7 0 0 3 0
0 0 0 0 3 0 0 0 0

# Puzzle 57
1 2 3 0 0 0 0 8 0
0 0 0 0 0 9 0 0 0
0 8 0 0 0 0 4 0 6
0 0 0 0 0 0 0 0 0
0 0 0 0 0 0 0 1 4
0 9 0 0 0 4 3 0 0
0 0 0 6 0 0 0 0 8
0 4 2 9 0 0 0 0 0
0 7 0 5 0 1 0 0 0

# Puzzle 58
0 0 3 0 0 0 0 8 0
4 0 6 0 0 0 0 0 0
0 0 9 0 0 3 4 0 0
0 0 0 0 0 5 0 0 0
0 0 0 0 0 7 0 0 0
8 9 7 0 0 0 3 0 0
0 3 1 6 0 0 0 0 0
0 0 2 0 0 8 0 0 0
0 0 8 5 0 1 0 0 0

# Puzzle 59
0 0 0 0 0 6 0 0 0
0 0 0 0 0 0 0 0 0
0 0 0 1 0 3 0 0 0
2 0 0 0 0 0 8 0 0
0 6 0 0 0 0 0 1 0
0 9 0 0 1 4 0 0 5
0 0 1 6 4 0 0 0 0
0 4 0 0 7 0 0 3 1
0 0 0 5 0 1 0 4 0

# Puzzle 60
1 0 0 0 5 0 0 0 0
0 5 0 0 0 9 0 0 0
7 0 9 0 0 3 0 0 0
0 1 0 3 0 0 0 0 0
0 0 0 0 0 7 2 1 0
0 0 0 0 1 0 0 0 0
0 3 0 0 0 2 0 7 0
6 0 0 0 0 0 0 0 1
0 0 8 0 3 0 6 0 0

# Puzzle 61
1 0 0 0 5 0 7 0 9
0 0 0 7 0 0 1 0 0
0 8 0 0 0 0 4 0 0
0 0 0 3 0 5 0 0 7
0 0 0 8 0 7 0 0 0
0 0 0 2 0 0 0 0 0
0 0 0 0 0 0 9 0 0
6 0 0 9 7 0 5 0 0
0 7 0 0 0 0 0 4 0

# Puzzle 62
1 0 0 0 0 6 0 8 0
0 5 6 0 0 0 1 0 0
0 0 9 0 0 0 0 0 0
0 0 4 0 6 0 8 0 7
0 0 0 0 0 0 0 0 0
0 0 0 2 0 0 0 0 5
0 0 1 0 0 2 0 7 8
0 0 2 0 7 0 0 3 0
0 0 0 0 0 0 6 0 0

# Puzzle 63
1 2 0 0 5 0 7 0 0
0 0 0 0 0 0 0 0 3
0 0 9 0 0 0 4 0 0
0 0 0 0 0 0 0 9 0
3 0 0 0 0 0 0 1 0
8 0 7 0 1 4 0 0 0
0 0 0 0 0 0 9 0 0
0 0 0 0 7 0 0 3 0
0 0 8 5 0 0 0 4 2

# Puzzle 64
0 2 0 0 0 0 7 0 0
0 5 6 0 0 0 0 0 0
7 0 0 1 0 0 0 5 0
2 1 4 0 0 0 0 0 7
0 0 0 8 0 0 2 0 4
8 0 0 0 0 0 0 6 0
0 0 0 0 0 2 0 0 0
0 0 0 9 0 0 5 0 0
9 0 0 0 0 0 6 0 0

# Puzzle 65
1 0 0 0 0 0 0 8 0
4 0 6 0 8 0 1 0 3
0 0 0 0 0 0 0 0 6
0 0 0 0 0 0 0 9 7
3 6 0 0 9 0 0 0 4
0 9 0 2 1 0 0 0 0
0 0 0 0 0 0 9 0 0
0 0 2 0 0 0 0 0 0
0 0 0 0 3 0 6 0 0

# Puzzle 66
0 2 0 0 0 6 0 0 0
0 0 0 7 0 0 1 0 0
0 8 9 0 0 0 0 0 0
0 1 0 0 0 5 0 9 0
0 0 5 0 0 0 0 0 4
0 9 0 0 0 4 0 0 5
0 0 0 0 0 0 9 0 0
6 0 0 9 0 0 5 0 0
0 7 0 0 0 1 0 0 2

# Puzzle 67
0 0 3 0 0 0 0 0 9
4 0 6 7 0 9 0 0 3
0 8 0 0 0 0 4 5 0
0 0 0 0 0 5 0 0 0
0 0 0 0 0 0 0 0 0
0 0 0 2 0 0 0 6 0
0 0 1 0 0 0 0 0 0
0 0 0 9 7 0 5 0 0
0 7 0 0 3 0 6 0 2

# Puzzle 68
0 0 0 4 0 0 0 0 9
4 5 0 0 0 0 0 0 0
0 0 9 0 0 3 0 0 0
0 0 0 0 6 0 0 9 7
0 0 0 0 0 0 0 0 0
0 9 0 0 1 0 3 0 0
0 0 1 6 0 0 0 0 0
6 0 0 9 0 0 0 0 1
0 7 8 0 0 0 6 0 2

# Puzzle 69
0 0 0 0 5 0 7 0 0
0 0 0 0 0 0 0 0 3
7 8 0 1 0 0 4 5 6
0 0 0 0 6 0 0 0 0
0 0 0 0 0 0 0 0 0
0 9 0 0 0 0 0 0 0
5 0 1 0 0 2 0 0 8
0 0 0 9 7 0 0 0 1
0 7 8 0 0 0 6 0 0

# Puzzle 70
1 2 0 0 0 6 7 8 9
0 0 0 7 0 9 0 0 0
0 0 0 0 0 3 0 5 6
0 0 4 0 0 5 0 0 0
0 6 5 0 0 7 0 0 0
0 0 0 2 0 0 0 0 5
0 0 0 0 0 0 0 0 0
0 0 0 0 0 8 5 0 0
0 0 0 5 0 0 0 0 0

# Puzzle 71
0 2 0 0 0 0 0 8 0
0 5 0 0 0 0 0 0 0
0 0 0 1 0 0 0 5 6
0 0 4 0 0 5 0 0 0
0 0 0 0 9 0 0 0 0
8 0 7 0 1 4 0 0 0
5 0 0 0 4 0 9 0 8
6 0 2 0 0 0 0 0 0
0 0 0 0 0 1 0 4 0

# Puzzle 72
0 0 0 4 0 6 0 0 9
0 0 0 0 0 0 1 0 0
0 0 0 1 0 0 0 0 0
2 0 0 0 0 5 8 9 0
0 0 0 0 0 0 2 0 0
0 0 0 2 1 4 0 0 0
5 0 0 0 4 0 9 7 0
0 0 0 9 0 0 5 0 1
0 0 0 0 3 0 0 0 0

# Puzzle 73
1 2 0 0 0 0 7 0 0
0 5 0 0 8 0 0 0 3
0 0 0 0 2 0 0 0 0
2 0 0 0 0 0 8 0 0
0 6 0 0 0 7 0 0 0
0 0 0 0 0 4 0 0 0
0 0 0 6 0 2 9 7 0
0 4 2 0 0 0 0 3 0
0 0 0 5 3 0 0 0 0

# Puzzle 74
1 0 3 0 0 0 0 0 0
0 0 6 0 0 0 0 0 0
7 0 0 0 0 0 4 5 0
0 0 4 3 0 5 0 0 0
0 0 0 8 0 0 0 0 0
0 9 0 0 0 0 0 0 5
5 0 0 0 0 2 0 0 0
0 0 0 9 0 8 5 0 0
9 0 0 0 3 0 6 4 0

# Puzzle 75
0 0 0 4 5 0 7 0 0
0 5 6 0 8 0 0 0 0
0 0 0 0 0 0 0 0 6
2 0 4 3 0 0 8 0 0
0 6 0 0 0 7 0 1 0
0 0 0 0 1 4 0 0 0
0 0 0 6 0 0 9 0 0
0 0 0 0 0 8 5 0 0
0 0 0 0 0 1 0 0 0

# Puzzle 76
0 0 3 0 0 0 0 8 0
0 5 0 0 0 9 1 0 0
0 0 0 0 0 0 4 5 0
0 1 0 0 0 0 0 0 7
3 0 0 8 0 0 0 1 0
0 0 0 0 0 0 0 0 0
0 3 1 6 0 0 0 7 0
0 0 0 0 0 0 0 3 0
0 0 8 0 0 1 6 4 0

# Puzzle 77
0 0 0 0 0 0 7 0 0
0 0 0 0 0 0 1 2 3
0 0 0 0 0 3 0 0 0
0 1 0 3 6 0 0 0 0
3 6 0 8 0 0 0 0 0
0 0 0 2 0 0 3 0 0
0 0 1 0 0 0 0 0 0
0 0 2 0 0 0 5 0 1
9 0 8 0 3 0 6 0 0

# Puzzle 78
0 0 0 0 5 0 7 0 9
0 0 0 0 8 0 0 0 0
7 0 0 0 0 0 0 0 0
2 1 0 0 0 0 0 0 0
0 0 0 0 0 0 0 0 0
8 9 0 0 0 0 3 6 0
0 3 0 0 4 2 0 7 0
0 0 0 9 0 0 0 3 0
0 7 0 0 3 1 6 0 0

# Puzzle 79
1 2 0 4 0 6 0 0 0
4 5 0 7 8 0 0 2 0
0 0 0 0 0 0 4 0 0
2 1 4 0 0 0 0 0 0
0 0 0 0 9 0 0 0 4
0 0 0 0 0 0 0 0 0
5 0 0 0 4 0 0 0 0
0 0 0 9 0 0 5 3 0
0 0 0 0 0 0 0 4 0

# Puzzle 80
0 0 0 0 0 0 0 0 9
0 0 0 7 0 0 0 2 0
7 8 9 0 0 3 0 5 0
0 0 0 0 0 5 0 0 0
0 6 5 8 0 7 2 0 0
0 9 0 0 1 0 0 6 5
0 0 0 0 0 0 9 0 0
0 0 0 0 0 0 0 0 0
0 7 0 0 0 1 0 0 0

# Puzzle 81
0 0 0 4 0 0 7 8 9
0 0 0 0 0 0 0 0 0
0 0 0 0 0 0 0 5 6
2 0 4 0 6 0 0 0 0
0 0 5 0 0 0 0 1 0
0 0 0 0 0 0 0 6 0
5 0 0 0 4 0 0 0 0
0 0 2 9 0 0 0 0 1
0 7 0 5 0 0 6 4 0

# Puzzle 82
0 2 0 0 0 6 0 0 0
4 0 6 0 0 0 0 0 3
0 0 0 0 2 3 4 5 6
2 1 0 0 0 0 0 0 0
0 0 0 8 0 0 0 0 0
0 9 0 0 0 0 0 0 5
0 0 0 0 0 2 0 0 0
6 0 0 0 7 0 0 3 0
9 0 0 0 0 0 6 0 0

# Puzzle 83
0 0 0 0 0 6 0 0 0
0 5 0 0 8 9 0 0 3
7 0 0 0 0 3 0 5 0
0 0 4 0 0 0 0 0 7
0 0 0 0 0 0 0 0 0
0 9 0 0 1 0 3 6 0
0 0 1 0 0 0 0 7 0
0 0 0 0 0 0 0 3 0
9 0 0 5 0 0 6 0 2

# Puzzle 84
0 0 3 0 0 0 0 0 0
0 0 0 7 0 9 0 0 0
0 0 0 1 2 3 0 0 6
0 0 0 0 0 0 0 9 0
0 0 0 0 9 7 0 1 0
8 0 0 0 0 4 0 0 0
5 3 1 0 0 2 0 0 0
0 4 0 0 0 0 5 0 1
0 0 0 0 0 0 0 0 2

# Puzzle 85
0 2 3 4 0 0 0 0 9
0 5 0 7 8 0 0 0 0
0 0 9 0 0 0 0 5 0
2 0 0 3 6 5 8 0 0
0 0 0 0 0 0 2 0 0
0 9 7 0 0 0 0 0 0
0 0 0 0 0 0 0 0 0
0 0 2 0 0 0 0 3 0
0 0 8 0 0 1 0 0 0

# Puzzle 86
0 2 0 0 0 6 7 0 0
0 0 0 0 0 0 0 0 0
0 0 0 0 0 0 4 0 0
2 0 4 0 0 0 0 0 7
0 0 0 8 0 0 0 0 4
0 0 0 0 0 0 3 6 0
5 3 0 0 0 2 0 7 0
0 0 2 0 7 8 0 0 0
0 0 8 5 0 0 6 0 0

# Puzzle 87
0 2 3 0 5 6 0 8 0
0 0 0 0 0 0 0 2 0
0 0 9 0 2 0 0 0 0
0 1 0 0 0 0 0 0 0
0 6 0 8 0 0 0 1 0
0 0 0 0 0 0 0 0 0
0 0 1 0 0 0 0 7 0
0 0 0 0 7 0 0 3 1
9 0 8 5 0 1 0 0 0

# Puzzle 88
0 0 3 0 5 0 0 8 9
0 0 0 0 0 9 0 0 3
0 0 9 0 0 0 4 5 0
0 0 0 0 0 0 8 0 0
0 6 0 0 0 0 0 1 4
0 0 0 0 0 0 3 0 5
0 0 0 0 4 0 0 0 8
0 0 0 9 0 0 0 0 1
0 0 8 0 0 0 0 0 2

# Puzzle 89
0 0 0 0 0 6 7 0 0
0 5 0 0 0 9 0 0 0
0 0 0 0 0 0 0 0 0
2 0 0 3 0 5 0 0 0
0 0 5 8 0 0 0 0 0
0 0 0 0 1 0 3 6 5
0 0 1 6 0 2 0 0 0
6 4 0 0 7 0 0 0 0
0 0 0 0 3 0 6 0 0

# Puzzle 90
0 0 3 0 0 0 0 0 0
0 0 0 0 8 0 0 0 0
7 0 0 1 0 0 0 0 0
2 0 4 0 0 5 0 0 0
3 0 0 0 0 0 0 0 0
0 9 0 2 0 0 0 0 0
0 3 1 6 0 2 0 0 0
6 0 2 9 0 0 0 0 0
9 7 8 0 0 0 0 0 2

# Puzzle 91
0 0 0 0 0 6 0 8 0
0 5 0 0 0 0 0 0 0
0 0 0 0 2 0 4 0 0
0 0 0 3 0 0 0 9 0
3 6 0 8 0 0 0 0 0
0 0 0 0 1 4 0 0 0
5 0 1 6 0 2 0 7 8
0 0 0 9 0 8 0 0 0
0 0 0 0 0 0 6 0 0

# Puzzle 92
0 2 0 0 0 0 0 0 0
4 5 0 0 0 0 1 0 0
7 0 9 1 0 0 0 0 6
0 1 0 3 0 0 0 0 7
0 0 5 8 0 0 0 1 4
0 0 0 0 0 4 3 6 0
5 3 0 0 0 0 0 0 0
0 0 0 0 0 0 0 3 0
0 0 0 0 0 0 0 0 0

# Puzzle 93
0 0 0 4 5 0 7 0 9
0 0 0 0 8 0 0 0 0
0 0 0 0 0 0 0 0 0
2 0 0 0 0 0 8 0 0
0 0 0 8 0 0 2 0 0
0 0 0 2 0 0 3 6 0
5 0 1 6 4 0 0 0 8
0 0 2 9 0 0 0 0 0
0 0 0 0 3 1 0 0 0

# Puzzle 94
0 2 0 0 5 0 0 0 0
0 0 0 0 8 9 0 0 3
7 0 0 0 0 0 0 5 0
0 0 0 0 0 5 0 0 7
3 0 0 0 0 7 2 0 0
0 0 7 0 1 4 0 0 0
0 0 1 0 0 0 0 0 0
0 4 0 9 0 8 0 3 0
0 7 0 0 0 0 0 0 0

# Puzzle 95
0 2 3 0 0 6 7 8 0
4 0 0 0 0 0 1 0 0
0 0 0 0 0 0 0 5 0
0 0 0 0 6 0 8 9 7
0 0 0 0 9 0 0 0 4
0 0 0 0 0 4 0 0 0
0 0 0 0 0 0 0 7 0
6 0 0 9 0 0 0 0 1
0 7 0 5 0 0 0 0 0

# Puzzle 96
0 0 0 4 0 6 0 0 0
4 0 0 0 0 0 1 0 0
0 8 0 0 0 3 4 0 0
0 0 0 3 0 0 8 9 0
3 0 0 0 0 0 0 0 0
8 9 0 0 0 4 3 0 5
0 0 0 6 0 0 0 0 8
6 0 0 0 0 0 0 0 0
0 0 0 0 3 0 6 0 0

# Puzzle 97
1 0 0 4 5 0 0 0 9
4 5 6 0 0 0 0 2 0
7 8 9 1 2 3 0 0 0
0 1 0 0 6 0 0 0 0
0 0 0 8 0 0 0 0 0
0 0 7 0 0 0 0 0 5
0 0 0 0 0 0 0 0 0
0 0 0 9 0 0 0 0 0
0 0 0 0 0 0 0 0 2

# Puzzle 98
0 2 0 4 0 0 0 8 0
4 0 0 0 0 0 0 0 0
7 0 0 1 0 3 0 0 0
0 0 0 3 0 5 0 0 0
0 0 0 0 9 0 0 0 0
8 9 0 0 0 4 0 0 0
0 0 1 0 4 0 9 0 0
6 0 0 0 0 8 5 3 0
9 0 0 0 0 0 0 0 0

# Puzzle 99
0 0 0 0 0 0 0 0 0
4 5 0 7 8 0 0 2 0
0 0 0 0 0 0 0 0 0
0 0 0 0 6 0 8 9 7
0 0 0 0 9 0 2 0 0
0 0 0 2 0 0 0 6 0
5 0 1 6 0 0 0 7 8
0 0 0 0 0 0 5 0 0
0 0 0 5 0 0 6 0 0

# Puzzle 100
0 0 0 0 5 0 7 0 0
0 5 0 0 0 0 0 0 0
0 0 0 1 0 0 4 0 6
0 0 4 0 0 5 0 0 7
0 0 0 0 9 0 0 0 0
0 0 0 0 1 4 0 6 5
0 0 1 0 4 2 0 0 0
0 0 0 9 0 0 0 0 0
0 7 0 0 3 0 6 0 0

